# List of sorted points
-73.98148,40.74705		# spawn
-73.98235,40.74582
-73.9967,40.7335
-73.99094,40.74544
-73.9848,40.74818
-73.98289,40.74784
-73.98728,40.75046
-73.9855,40.7529
-73.8892,41.3578
-73.9578,40.7745
-73.9777,40.7522
-73.98148,40.74705		# spawn
175595.8				# distance overall in meters
14.95464314747697		# overall time of calculation in seconds
# List of sorted points with intermediate points to interpolate the route
-73.98148,40.74705		# spawn
-73.981497,40.747057
-73.981912,40.746458
-73.982319,40.74583
-73.982332,40.745812
-73.982332,40.745812
-73.982779,40.745199
-73.983231,40.744578
-73.983678,40.743965
-73.98413,40.743345
-73.984579,40.742728
-73.98503,40.742109
-73.985486,40.741483
-73.985933,40.740871
-73.986413,40.740212
-73.986902,40.739541
-73.987355,40.738918
-73.987778,40.738338
-73.988205,40.737753
-73.988629,40.73717
-73.989062,40.736576
-73.989492,40.736001
-73.98998,40.735375
-73.990717,40.734794
-73.991691,40.735205
-73.993607,40.736013
-73.994118,40.735313
-73.994585,40.734672
-73.99505,40.734034
-73.995489,40.733437
-73.995904,40.732859
-73.996871,40.733266
-73.996871,40.733266
-73.999014,40.734147
-73.999188,40.734134
-73.998714,40.734784
-73.998274,40.735391
-73.997805,40.736032
-73.997341,40.736668
-73.99684,40.737361
-73.996337,40.738044
-73.995874,40.738686
-73.995446,40.739272
-73.995018,40.73986
-73.994593,40.740442
-73.994165,40.741031
-73.993739,40.741617
-73.993292,40.742233
-73.992805,40.742901
-73.992318,40.743568
-73.991871,40.744186
-73.991415,40.744807
-73.990968,40.745421
-73.990951,40.745445
-73.990951,40.745445
-73.990518,40.746038
-73.990067,40.746659
-73.989617,40.747277
-73.989157,40.747896
-73.988708,40.748504
-73.988265,40.749116
-73.987765,40.749792
-73.98456,40.748439
-73.984761,40.748164
-73.984761,40.748164
-73.985046,40.747773
-73.985492,40.747168
-73.983896,40.74649
-73.983442,40.7471
-73.982957,40.747765
-73.9829,40.747844
-73.9829,40.747844
-73.982473,40.748432
-73.984076,40.749102
-73.987283,40.750456
-73.987289,40.750458
-73.986824,40.751088
-73.986399,40.7517
-73.985947,40.752317
-73.985511,40.752905
-73.985511,40.752905
-73.985488,40.752935
-73.98504,40.753559
-73.984596,40.754177
-73.984118,40.754842
-73.983624,40.755516
-73.983167,40.756142
-73.982712,40.756771
-73.985534,40.757963
-73.988386,40.75916
-73.991227,40.760355
-73.994069,40.761552
-73.996925,40.76275
-73.998969,40.763618
-73.998494,40.764238
-73.998038,40.764864
-73.997929,40.765014
-73.997585,40.765486
-73.997127,40.766115
-73.996673,40.766738
-73.99623,40.767347
-73.995747,40.767999
-73.994854,40.769253
-73.994795,40.769353
-73.994529,40.769931
-73.994406,40.770714
-73.994217,40.771509
-73.993222,40.77301
-73.987235,40.781123
-73.986783,40.78154
-73.985281,40.783606
-73.984228,40.78509
-73.983711,40.785842
-73.982849,40.787757
-73.976624,40.795793
-73.975645,40.797197
-73.967212,40.810554
-73.957447,40.822722
-73.95033,40.832483
-73.948061,40.837947
-73.945439,40.841755
-73.944869,40.845014
-73.943143,40.84991
-73.943101,40.850225
-73.940364,40.854061
-73.934463,40.862127
-73.933348,40.864213
-73.932234,40.866412
-73.931173,40.868124
-73.925697,40.875393
-73.924608,40.876183
-73.924445,40.876289
-73.918623,40.880098
-73.915919,40.882533
-73.912978,40.885874
-73.911472,40.887714
-73.908988,40.889177
-73.908149,40.891628
-73.908009,40.896306
-73.905356,40.90065
-73.90414,40.901023
-73.89959,40.900931
-73.896638,40.900129
-73.893639,40.899505
-73.890759,40.899847
-73.886314,40.907639
-73.886025,40.90822
-73.878448,40.92996
-73.879089,40.934396
-73.878955,40.934794
-73.877387,40.937259
-73.875265,40.942143
-73.873826,40.944624
-73.87217,40.952299
-73.871312,40.95552
-73.871104,40.96772
-73.870335,40.969581
-73.870254,40.969713
-73.868426,40.974283
-73.868047,40.978783
-73.867322,40.980883
-73.866512,40.983212
-73.856501,41.002512
-73.852156,41.010115
-73.850796,41.01182
-73.846458,41.02295
-73.84635,41.024854
-73.837685,41.041096
-73.830502,41.046706
-73.82247,41.052988
-73.821597,41.054576
-73.821196,41.056622
-73.821907,41.057681
-73.821951,41.061705
-73.831583,41.079701
-73.825817,41.083008
-73.818396,41.093175
-73.817567,41.09345
-73.81723,41.093167
-73.813475,41.094259
-73.812954,41.094286
-73.811624,41.094528
-73.80807,41.098656
-73.80783,41.099948
-73.80801,41.103488
-73.807812,41.104737
-73.807555,41.10525
-73.8061,41.108207
-73.805946,41.108501
-73.805487,41.109483
-73.808638,41.120858
-73.811864,41.126382
-73.816998,41.131572
-73.822943,41.144619
-73.823195,41.145251
-73.823747,41.148593
-73.824074,41.148998
-73.827565,41.15063
-73.829045,41.151136
-73.830241,41.151515
-73.833232,41.154525
-73.836635,41.16081
-73.838222,41.16715
-73.83904,41.170069
-73.846633,41.182041
-73.849259,41.181951
-73.849802,41.181874
-73.854155,41.183045
-73.859385,41.187206
-73.861447,41.18716
-73.866905,41.185785
-73.872209,41.185855
-73.872445,41.186024
-73.873275,41.186619
-73.879431,41.19103
-73.88225,41.193165
-73.885396,41.199515
-73.889861,41.203146
-73.893508,41.207109
-73.900393,41.211343
-73.911446,41.228901
-73.911838,41.234146
-73.934149,41.267823
-73.932946,41.273186
-73.932027,41.274649
-73.929801,41.280565
-73.929721,41.28338
-73.929141,41.28559
-73.928564,41.289068
-73.930141,41.291126
-73.933412,41.295875
-73.933654,41.296133
-73.934811,41.297308
-73.935096,41.298118
-73.93509,41.298194
-73.929389,41.305494
-73.929308,41.314137
-73.92942,41.315103
-73.930235,41.317418
-73.930302,41.318123
-73.928488,41.323609
-73.92822,41.324628
-73.927592,41.326649
-73.926314,41.32821
-73.923467,41.334695
-73.92315,41.336103
-73.922726,41.33869
-73.92073,41.338853
-73.920521,41.338722
-73.920163,41.335352
-73.918454,41.334726
-73.918212,41.333695
-73.917755,41.333425
-73.916215,41.332014
-73.913772,41.333679
-73.91047,41.33416
-73.904353,41.337705
-73.903982,41.340964
-73.892414,41.353015
-73.889075,41.357867
-73.889577,41.365754
-73.890214,41.367251
-73.889577,41.365754
-73.889075,41.357867
-73.889139,41.357783
-73.889139,41.357783
-73.892414,41.353015
-73.903982,41.340964
-73.904353,41.337705
-73.904476,41.337017
-73.904479,41.33681
-73.904635,41.334198
-73.904436,41.333364
-73.904552,41.331421
-73.904632,41.330893
-73.904704,41.330439
-73.904586,41.327701
-73.903725,41.324429
-73.903632,41.324153
-73.904556,41.320083
-73.903872,41.315321
-73.903012,41.313149
-73.90411,41.312285
-73.90498,41.311828
-73.905187,41.311762
-73.90537,41.311692
-73.906868,41.311204
-73.907266,41.311206
-73.909544,41.310751
-73.910571,41.309466
-73.911213,41.308571
-73.911755,41.307814
-73.91226,41.307013
-73.913001,41.305753
-73.913123,41.305583
-73.913288,41.30536
-73.913779,41.304878
-73.915253,41.303741
-73.915628,41.302192
-73.915773,41.301723
-73.915842,41.3016
-73.916049,41.301264
-73.916209,41.301005
-73.916714,41.300012
-73.91798,41.298238
-73.918117,41.297105
-73.918536,41.296032
-73.918731,41.294943
-73.918896,41.293963
-73.919085,41.29316
-73.919141,41.292995
-73.919405,41.292478
-73.919725,41.291814
-73.91978,41.291702
-73.922183,41.291478
-73.9235,41.291319
-73.92431,41.291149
-73.925144,41.290865
-73.927971,41.289522
-73.928097,41.289451
-73.929593,41.289526
-73.928617,41.288811
-73.928513,41.287743
-73.92985,41.281656
-73.929892,41.28079
-73.932302,41.274389
-73.933046,41.273222
-73.933913,41.266306
-73.912297,41.234862
-73.911627,41.228879
-73.90121,41.211463
-73.89449,41.207924
-73.89105,41.20419
-73.89045,41.203536
-73.88571,41.19965
-73.884344,41.196111
-73.879507,41.190931
-73.872335,41.18558
-73.869588,41.185285
-73.854199,41.1829
-73.846682,41.18194
-73.839753,41.171477
-73.839438,41.170713
-73.838298,41.16707
-73.838207,41.166241
-73.836753,41.160773
-73.830296,41.151431
-73.829111,41.151066
-73.824139,41.148929
-73.823536,41.147062
-73.823514,41.146344
-73.822418,41.143105
-73.818136,41.133415
-73.818039,41.133231
-73.811754,41.125893
-73.811264,41.124985
-73.808904,41.120657
-73.805774,41.109268
-73.807428,41.107689
-73.807693,41.107552
-73.828233,41.0819
-73.828881,41.081619
-73.822047,41.06171
-73.821746,41.057348
-73.822068,41.053859
-73.822556,41.053018
-73.836547,41.042732
-73.836905,41.042394
-73.847066,41.021103
-73.84945,41.013335
-73.85005,41.012738
-73.856591,41.002618
-73.856663,41.00251
-73.861088,40.995041
-73.864826,40.988494
-73.866605,40.983232
-73.867376,40.981046
-73.867432,40.980931
-73.868173,40.97881
-73.868555,40.974293
-73.870354,40.969742
-73.870428,40.969624
-73.872003,40.958208
-73.872154,40.950214
-73.872096,40.949836
-73.875379,40.943215
-73.875783,40.941755
-73.87849,40.936159
-73.879243,40.934328
-73.879075,40.932612
-73.878658,40.931266
-73.879482,40.927613
-73.884389,40.912911
-73.88461,40.912018
-73.886138,40.908253
-73.887978,40.903556
-73.891635,40.899722
-73.894573,40.899726
-73.896732,40.900242
-73.899494,40.900994
-73.903385,40.901224
-73.904167,40.901103
-73.906754,40.899809
-73.907902,40.89791
-73.909338,40.889055
-73.911981,40.887268
-73.912657,40.886364
-73.916091,40.882482
-73.916718,40.88189
-73.925823,40.87578
-73.930323,40.870675
-73.931155,40.868792
-73.930005,40.867806
-73.929346,40.867256
-73.928722,40.866743
-73.928057,40.8662
-73.92842,40.865639
-73.928061,40.865574
-73.927271,40.865531
-73.92662,40.864525
-73.926011,40.863575
-73.925373,40.862582
-73.924791,40.861631
-73.924733,40.861547
-73.92464,40.861394
-73.922926,40.85898
-73.933289,40.838994
-73.934069,40.837551
-73.93488,40.828387
-73.934348,40.818778
-73.934362,40.815026
-73.934571,40.812884
-73.934735,40.808598
-73.933388,40.806585
-73.930313,40.802391
-73.929887,40.800159
-73.929331,40.797421
-73.930473,40.794774
-73.931998,40.793913
-73.93673,40.790408
-73.940282,40.785356
-73.940999,40.784976
-73.941535,40.784796
-73.941956,40.784602
-73.943498,40.783656
-73.944035,40.783038
-73.944096,40.782949
-73.944399,40.782229
-73.944215,40.780533
-73.944148,40.78002
-73.944328,40.779768
-73.944776,40.779146
-73.945257,40.778483
-73.945713,40.777857
-73.946173,40.777227
-73.94663,40.776601
-73.947122,40.775929
-73.947624,40.775246
-73.948082,40.774614
-73.948551,40.773976
-73.949009,40.773343
-73.949486,40.772694
-73.949942,40.772066
-73.950437,40.771402
-73.952682,40.772341
-73.955044,40.773338
-73.95729,40.774289
-73.957796,40.774505
-73.957796,40.774505
-73.958892,40.774972
-73.96038,40.775574
-73.960619,40.775675
-73.961122,40.774985
-73.961572,40.774366
-73.962032,40.773734
-73.962495,40.773098
-73.962962,40.772455
-73.963423,40.771823
-73.963917,40.771144
-73.964437,40.77047
-73.964886,40.76985
-73.96535,40.769214
-73.965805,40.768596
-73.966256,40.767975
-73.966716,40.767339
-73.967175,40.766714
-73.967637,40.766089
-73.968085,40.765469
-73.968543,40.764837
-73.96899,40.764212
-73.969438,40.763582
-73.969902,40.76297
-73.970363,40.762345
-73.970862,40.761658
-73.971349,40.760989
-73.971809,40.760357
-73.972267,40.759727
-73.972719,40.759104
-73.973177,40.758475
-73.97363,40.757852
-73.974088,40.757223
-73.974538,40.756604
-73.974997,40.755973
-73.97545,40.75535
-73.975907,40.754721
-73.975999,40.75466
-73.976745,40.754353
-73.977675,40.75219
-73.977675,40.75219
-73.978651,40.750865
-73.978902,40.75061
-73.979154,40.750265
-73.979599,40.749648
-73.980051,40.749028
-73.980503,40.748415
-73.980953,40.747797
-73.981446,40.747128
-73.981497,40.747057
-73.98148,40.74705		# spawn